[gd_scene load_steps=13 format=3 uid="uid://ot8x4unyi8hs"]

[ext_resource type="Script" path="res://XRRig.gd" id="1_rqcvd"]
[ext_resource type="Material" uid="uid://bdo426i81l087" path="res://Materials/ground.tres" id="2_5winy"]
[ext_resource type="PackedScene" uid="uid://cpar0vxj7hji" path="res://SceneInstance/XR_Rig.tscn" id="2_bc2m8"]
[ext_resource type="Script" path="res://Scenes/moving_cube.gd" id="4_cxu3d"]
[ext_resource type="Script" path="res://Scenes/staticcube.gd" id="5_kixc0"]

[sub_resource type="Environment" id="Environment_xrb10"]

[sub_resource type="CameraAttributesPractical" id="CameraAttributesPractical_jj87v"]

[sub_resource type="BoxShape3D" id="BoxShape3D_ep6q4"]
size = Vector3(10, 0.1, 10)

[sub_resource type="BoxShape3D" id="BoxShape3D_nhb1q"]
size = Vector3(0.5, 0.5, 0.5)

[sub_resource type="Gradient" id="Gradient_frxvd"]

[sub_resource type="GradientTexture2D" id="GradientTexture2D_vcg24"]
gradient = SubResource("Gradient_frxvd")

[sub_resource type="StandardMaterial3D" id="StandardMaterial3D_tpboe"]
albedo_color = Color(0.258824, 0.105882, 1, 1)
albedo_texture = SubResource("GradientTexture2D_vcg24")

[node name="Node3D" type="Node3D"]
script = ExtResource("1_rqcvd")

[node name="XROrigin3D" parent="." instance=ExtResource("2_bc2m8")]

[node name="DirectionalLight3D" type="DirectionalLight3D" parent="."]
transform = Transform3D(0.702588, 0.519666, 0.486125, -0.711597, 0.513087, 0.47997, 0, -0.683146, 0.730282, 0, 0, 0)

[node name="WorldEnvironment" type="WorldEnvironment" parent="."]
environment = SubResource("Environment_xrb10")
camera_attributes = SubResource("CameraAttributesPractical_jj87v")

[node name="StaticBody3D" type="StaticBody3D" parent="WorldEnvironment"]

[node name="CSGBox3D" type="CSGBox3D" parent="WorldEnvironment/StaticBody3D"]
transform = Transform3D(1, 0, 0, 0, 1, 0, 0, 0, 1, 0.0509903, 0.032438, -0.0394304)
size = Vector3(10, 0.1, 10)
material = ExtResource("2_5winy")

[node name="CollisionShape3D" type="CollisionShape3D" parent="WorldEnvironment/StaticBody3D"]
shape = SubResource("BoxShape3D_ep6q4")

[node name="RigidBody3D2" type="RigidBody3D" parent="WorldEnvironment"]
transform = Transform3D(0.0997366, 0.562236, 0.82094, 1.77636e-15, 0.825054, -0.565053, -0.995014, 0.0563565, 0.0822881, -0.0449315, 2.03777, 0)
gravity_scale = 0.2

[node name="CSGBox3D" type="CSGBox3D" parent="WorldEnvironment/RigidBody3D2"]
size = Vector3(0.5, 0.5, 0.5)

[node name="Area3D" type="Area3D" parent="WorldEnvironment/RigidBody3D2"]

[node name="CollisionShape3D" type="CollisionShape3D" parent="WorldEnvironment/RigidBody3D2/Area3D"]
shape = SubResource("BoxShape3D_nhb1q")

[node name="CollisionShape3D" type="CollisionShape3D" parent="WorldEnvironment/RigidBody3D2"]
shape = SubResource("BoxShape3D_nhb1q")

[node name="Moving Cube" type="CSGBox3D" parent="WorldEnvironment"]
transform = Transform3D(0.0995455, 0.612203, 0.784409, -0.00617042, 0.78869, -0.61476, -0.995014, 0.0563565, 0.0822881, 0.012, 1.57364, 10)
size = Vector3(0.5, 0.5, 0.5)
material = SubResource("StandardMaterial3D_tpboe")
script = ExtResource("4_cxu3d")

[node name="Area3D" type="Area3D" parent="WorldEnvironment/Moving Cube"]
transform = Transform3D(1, 0, 0, 3.72529e-09, 1, 4.74975e-08, 0, -3.91155e-08, 1, 0, 0, 0)

[node name="CollisionShape3D" type="CollisionShape3D" parent="WorldEnvironment/Moving Cube/Area3D"]
shape = SubResource("BoxShape3D_nhb1q")

[node name="Static cube" type="CSGBox3D" parent="WorldEnvironment"]
transform = Transform3D(0.0847231, 0.0422723, 0.995507, 0.0526248, 0.997516, -0.0468363, -0.995014, 0.0563565, 0.0822881, 0.012, 0.443924, 1.87868)
size = Vector3(0.5, 0.5, 0.5)
material = SubResource("StandardMaterial3D_tpboe")
script = ExtResource("5_kixc0")

[node name="Area3D" type="Area3D" parent="WorldEnvironment/Static cube"]
transform = Transform3D(1, 0, 0, 3.72529e-09, 1, 4.74975e-08, 0, -3.91155e-08, 1, 0, 0, 0)

[node name="CollisionShape3D" type="CollisionShape3D" parent="WorldEnvironment/Static cube/Area3D"]
shape = SubResource("BoxShape3D_nhb1q")
